NTAName_y,Total,"White, not hispanic","Black or African American, not hispanic","American Indian and Alaska Native, not hispanic","Asain, not hispanic","Native Hawaiian and Other Pacific Islander, not hispanic","Some other race alone, not hispanic","Two or More Races, not hispanic",Hispanic or Latino
Allerton,62155,14.763092269326684,38.1690933955434,0.1094039095808865,4.709194755047864,0.008044405116241654,0.9331509934840319,2.067412114874105,39.24060815702679
Alley Pond Park,90,65.55555555555556,3.3333333333333335,0.0,6.666666666666667,0.0,0.0,0.0,24.444444444444443
Annadale-Huguenot-Prince's Bay-Woodrow,53872,72.77249777249777,7.441713691713692,0.25245025245025243,8.438520938520938,0.0,1.020938520938521,1.522126522126522,8.551752301752302
Arden Heights-Rossville,30539,75.48708209175153,0.5337437375159632,0.06549002914306297,7.881725007367628,0.088411539343135,0.16045057140050428,0.8873898948885033,14.895707128589672
Astoria (Central),129518,48.18944084992047,12.61986750876326,0.17526521410151485,9.288284253926095,0.006948841087725258,0.4138420914467487,2.672987538411649,26.633363702342532
Astoria (East)-Woodside (North),198924,46.6439444209849,14.63925921457441,0.09802738734391023,8.410749834107497,0.01055679556011341,0.6570348474794394,2.706058595242404,26.834368904707322
Astoria (North)-Ditmars-Steinway,120686,51.68950831082313,8.316623303448619,0.08617403841373482,11.388230614984339,0.07125930099597302,0.290008783123146,2.5172762375089075,25.64091941070215
Astoria Park,0,,,,,,,,
Auburndale,34209,34.31260779327078,1.2219006694144816,0.07600339092051799,46.546230524131076,0.035078488117162146,0.6898769329708556,1.7568476132012043,15.361454587973924
Baisley Park,107237,16.145546779563023,36.76716058822981,0.0,19.33847459365704,0.0,3.0026949653571062,2.451579212398706,22.294543860794317
Barren Island-Floyd Bennett Field,26,61.53846153846154,0.0,0.0,0.0,0.0,0.0,0.0,38.46153846153847
Bath Beach,87058,26.528291483838363,18.63929793930483,0.6731144754071998,22.181763881550232,0.19412345792460198,1.6058260010567666,2.8705001263525465,27.30708263456546
Bay Ridge,315431,50.188789307328705,8.307046549007548,0.11920198078185086,13.286899512096149,0.024728070481341402,1.0252638453417704,2.6994810275464363,24.348589707416203
Bay Terrace-Clearview,22112,53.2154486251809,0.949710564399421,0.06783646888567293,29.228473227206948,0.0,0.0,1.4969247467438496,15.041606367583213
Bayside,34159,36.18958400421558,3.094352879182646,0.2634737550865072,48.142510026640124,0.0,0.1258819052079979,1.2031968148950496,10.981000614772094
Bedford Park,98959,5.71448781818733,13.229721399771622,0.23140896735011468,5.555836255418911,0.0,0.7922472943340172,0.937762103497408,73.53853616144059
Bedford-Stuyvesant (East),305889,18.925819496614785,23.507873771204586,0.06505627858471537,6.905446093190667,0.03955683270728924,0.4364328236713318,2.6486732115244416,47.471141492502184
Bedford-Stuyvesant (West),307537,20.95325115351974,17.963041845371453,0.13526827666264546,9.047041494194193,0.022111160608317047,0.477015773711781,1.9919554395080918,49.41031485642378
Bellerose,27423,22.29515370309594,9.112788535171207,0.48134777376654636,41.35579622944244,0.0,1.2288954527221676,2.5671881267549135,22.958830179046785
Belmont,57305,17.67385044934997,25.132187418200857,0.0,3.9979059418898872,0.0,0.24605182793822528,2.2214466451444026,50.72855771747666
Bensonhurst,200697,27.19123853371002,22.28184776055447,0.18286272340891993,24.0785861273462,0.018934014957871816,1.717514462099583,1.8849310154112917,22.644085362511646
Borough Park,237324,35.77809239689201,25.615192732298457,0.1655963998584214,10.502519762013113,0.013483676324349835,1.256931452360486,1.929008444152298,24.739175136100858
Breezy Point-Belle Harbor-Rockaway Park-Broad Channel,32516,61.20679050313692,23.05326608438922,0.0,1.8452454176405464,0.0,0.5535736252921639,1.2301636117603643,12.110960757780784
Brighton Beach,35232,60.06755222524978,14.021344232515895,0.11920980926430517,8.353201634877385,0.0,0.38601271571298823,6.179041780199818,10.873637602179837
Bronx Park,13,7.6923076923076925,61.53846153846154,0.0,0.0,0.0,0.0,0.0,30.76923076923077
Brooklyn Heights,47060,58.10242243943902,14.793880152996175,0.2358691032724182,8.827029324266894,0.04674883127921802,0.1041223969400765,3.918402039949001,13.971525711857202
Brooklyn Navy Yard,0,,,,,,,,
Brownsville,48131,5.3271280463734385,66.53092601441898,0.012465978267644555,1.3068500550580706,0.11011614136419356,0.32827076104797326,2.478652012216659,23.90559099125304
Bushwick (East),116013,12.383956970339531,19.501262789514968,0.1620508046512029,4.849456526423763,0.0051718341909958365,0.8274934705593339,1.5653418151414065,60.705265789178796
Bushwick (West),94573,20.749050997642033,10.462817083099827,0.09622196610026118,5.9636471297304725,0.01586076364290019,0.41026508622968505,1.6283717340044197,60.673765239550406
Calvary & Mount Zion Cemeteries,12907,26.613465561323313,23.80878593011544,0.13171147439373984,2.9673820407530798,0.0,0.4648640272720229,3.1068412489346864,42.906949717207716
Calvert Vaux Park,0,,,,,,,,
Cambria Heights,48500,40.03092783505154,40.29896907216495,0.23505154639175255,7.849484536082474,0.0,0.43092783505154636,3.1010309278350516,8.05360824742268
Canarsie,104559,5.340525444964087,78.08414388048853,0.10042177144004821,3.114031312464733,0.0,0.8971011581977639,1.9022752704214847,10.561501162023355
Canarsie Park & Pier,0,,,,,,,,
Carroll Gardens-Cobble Hill-Gowanus-Red Hook,200180,50.817264461984216,11.552602657608151,0.06993705664901588,8.131181936257368,0.14486961734439005,0.4381057048656209,3.393445898691178,25.45259266660006
Castle Hill-Unionport,119834,30.346979988984764,9.791878765625782,0.07176594288766126,17.812140127175926,0.01335180332793698,1.893452609443063,2.5310012183520536,37.53942954420281
Central Park,8703,39.54958060438929,9.663334482362403,0.14937377915661265,10.18039756405837,0.0,0.24129610479145122,3.7458347696196714,36.4701826956222
Chelsea-Hudson Yards,107264,48.6910799522673,8.430601133651551,0.08204057279236276,11.331854116945108,0.058733591885441534,0.38223448687350836,2.590803997613365,28.43265214797136
Chinatown-Two Bridges,78676,12.583252834409478,13.326808683715491,0.4829935431389496,40.504092734760285,0.0,0.667293710915654,1.9090955310386903,30.526462962021455
Claremont Park,13381,80.30042597713175,1.4647634705926313,0.0,4.611015619161497,0.0,0.5530229429788506,2.5184963754577385,10.552275614677528
Claremont Village-Claremont (East),79585,49.073317836275685,16.64886599233524,0.054030282088333235,7.764025884274675,0.0,0.2123515737890306,2.514292894389646,23.733115536847396
Clinton Hill,112959,31.483104489239462,22.621482130684583,0.10003629635531475,6.567869758053807,0.012393877424552271,0.5683478076116113,2.076859745571402,36.56990589505927
Co-op City,36674,5.979713148279435,58.54829034193162,0.0,2.6940066532148115,0.0,0.7907509407209468,2.6367453781970878,29.350493537656103
College Point,28676,25.920630492397823,2.0923420281768728,0.0,29.644999302552655,0.18831078253591854,0.1639001255405217,1.0566327242293208,40.933184544566885
Concourse-Concourse Village,131339,30.384729592885584,19.921729265488544,0.1439024204539398,7.76920792757673,0.0,0.42485476514972703,1.6400307600941078,39.71554526835136
Coney Island-Sea Gate,89284,33.17727700371847,32.17373773576453,0.0884816988486179,5.934993951883876,0.007840150530890194,0.7436942789301555,3.1147798037722323,24.75919537655123
Corona,119832,7.941117564590426,11.258261566192669,0.19777688764269977,10.264370118165433,0.0,0.5624541024100407,1.0681620935977034,68.70785766740103
Crotona Park,14439,64.18727058660572,9.308123831290256,0.0,6.856430500727197,0.0,0.048479811621303416,0.8864879839324052,18.71320728582312
Crotona Park East,76427,41.10589189684274,15.497141062713437,0.07981472516257344,7.991940021196697,0.0,0.6267418582438145,2.4232273934604263,32.27524304238031
Crown Heights (North),128067,20.865640641226857,45.081871208039544,0.07808412783933409,3.503634816150921,0.0,0.5973435779709059,3.007019763092756,26.86640586567968
Crown Heights (South),62891,34.71402903436104,47.86376429059802,0.027030894722615318,1.8110699464152262,0.0,0.5183571576219173,1.5248604728816524,13.54088820339953
Cunningham Park,0,,,,,,,,
Cypress Hills,40417,4.045327461216814,19.55117895934879,0.07422619194893237,4.958309622188683,0.012371031991488729,0.9624662889378232,2.395031793552218,68.00108865081526
Douglaston-Little Neck,25306,41.17600569035012,2.082510076661661,0.0,43.064885797834506,0.0,0.2766142416818146,2.56856081561685,10.831423377855053
Downtown Brooklyn-DUMBO-Boerum Hill,121502,42.78777304077299,12.982502345640402,0.0362133956642689,14.607166960214645,0.025513983308916723,0.9102730819245773,3.2254613092788595,25.425095883195336
Dyker Beach Park,1926,6.28245067497404,11.734164070612668,0.0,40.13499480789201,0.0,23.00103842159917,8.618899273104882,10.228452751817239
Dyker Heights,165019,26.92659633133154,19.695913803865007,0.2690599264327138,20.849114344408825,0.027875577963749627,2.7887697780255607,2.2288342554493723,27.21383598252323
East Elmhurst,77522,8.714945434844303,36.943061324527235,0.13286550914579087,5.185624725884265,0.08255720956631667,0.31861923067000336,1.0848533319573799,47.53747323340471
East Flatbush-Erasmus,47534,6.0861698994404,75.24298396936929,0.3050448100307149,4.428409138721757,0.0,0.9887659359616274,2.8085160095931334,10.140110236883073
East Flatbush-Farragut,46002,3.7846180600843446,67.55141080822573,0.29563932002956395,9.471327333594191,0.0,1.4738489630885614,4.488935263684188,12.934220251293421
East Flatbush-Remsen Village,48344,23.043190468310442,63.494952837994376,0.0,0.752937282806553,0.0,0.7405262286943571,3.559904021181532,8.408489161012742
East Flatbush-Rugby,51100,9.107632093933464,69.99412915851272,0.187866927592955,5.483365949119374,0.0,0.8864970645792564,1.9804305283757337,12.360078277886496
East Flushing,29714,13.892441273473782,2.3456956316887663,0.8649121626169481,63.46839873460321,0.0,0.27259877498822105,0.8581813286666218,18.297772093962443
East Harlem (North),132691,22.05575359293396,25.72593469037086,0.45594652237152483,16.496220542463316,0.13716077201920251,1.9458742491954992,1.8335832874874707,31.349526343158164
East Harlem (South),101234,22.95276290574313,18.017662050299307,0.2578185194697434,17.931722543809393,0.0484027105517909,4.05990082383389,3.1560542900606516,33.5756761562321
East Midtown-Turtle Bay,85872,42.43991056456121,5.32769703745109,0.10830072666294019,22.378656605179803,0.0,2.480435997764114,2.2393795416433764,25.02561952673747
East New York (North),41499,2.58319477577773,57.962842478132,0.07229089857586929,2.22896937275597,0.2626569314923251,0.6650762668979976,2.47234873129473,33.75262054507338
East New York-City Line,45563,2.671026929745627,59.118144108157935,0.028531922832122556,9.20703202159647,0.0,1.1807826525909182,1.8436011676140729,25.950881197462856
East New York-New Lots,48034,1.7862347503851437,72.8588083440896,0.08119248865387017,1.21580547112462,0.0,1.1325311237873175,1.051338635133447,21.874089186825998
East Village,117860,35.106058034956725,12.411335482776176,0.10266417783811302,15.425929068386221,0.02969624978788393,0.73392160190056,2.6293908026472086,33.56100458170711
East Williamsburg,82400,33.58373786407767,8.739077669902914,0.2949029126213592,20.134708737864077,0.0,0.3276699029126214,1.9077669902912622,35.012135922330096
Eastchester-Edenwald-Baychester,87640,11.211775445002283,50.86490187129164,0.21223185759926974,12.35851209493382,0.0,0.6081697854860794,2.4052943861250573,22.339114559561843
Elmhurst,112134,10.513314427381527,3.4993846647760716,0.33709668789127295,43.88410294825834,0.02407833484937664,0.19797741987265235,1.9004048727415415,39.64364064422923
Far Rockaway-Bayswater,63978,24.910125355590985,43.139829316327486,0.0,4.667229360092532,0.03126074588139673,0.6939885585670074,3.104192066022695,23.453374597517897
Ferry Point Park-St. Raymond Cemetery,12832,46.571072319201996,3.187344139650873,0.23379052369077308,19.69295511221945,0.0,3.974438902743142,2.7743142144638404,23.566084788029926
Financial District-Battery Park City,73394,58.34536883123961,8.0142790963839,0.06267542305910566,16.940076845518707,0.016350110363244953,0.8651933400550454,4.364116957789465,11.39193939559092
Flatbush,74039,16.897851132511242,55.303286105971175,0.35521819581571873,4.494928348573049,0.0,0.7401504612433988,2.863355798970813,19.3452099569146
Flatbush (West)-Ditmas Park-Parkville,60438,27.957576359244186,29.385485952546407,0.2018597571064562,18.905324464740726,0.014891293557033655,2.4421721433535195,2.7366888381481846,18.356001191303484
Flatlands,82422,13.430880104826382,69.49964815219238,0.06794302492053092,3.8642595423551964,0.08978185435927301,1.0785955206134286,2.617019727742593,9.35187207299022
Flushing Meadows-Corona Park,0,,,,,,,,
Flushing-Willets Point,64271,7.256772105615285,4.588383563348945,0.3547478645112103,68.93777909165875,0.062236467458107084,0.23338675296790154,1.555911686452677,17.010782467987116
Fordham Heights,41473,4.197911894485569,20.09500156728474,0.13985002290646928,2.179731391507728,0.09885949895112484,0.40267161767897186,1.24900537699226,71.63696863019314
Forest Hills,87466,48.52514119772254,3.0537580316923147,0.03887224750188645,28.125214369011957,0.010289712574028765,0.31783778839777743,4.501177600439028,15.427709052660463
Forest Park,0,,,,,,,,
Fort Greene,121625,44.101130524152104,17.942034943473793,0.1751284686536485,9.660020554984584,0.0,0.6215827338129497,3.969578622816033,23.530524152106885
Fort Hamilton,13974,15.09947044511235,19.364534134821813,0.29340203234578505,19.407471017604124,0.178903678259625,7.406612279948475,2.73364820380707,35.515958208100756
Fort Totten,0,,,,,,,,
Fort Wadsworth,10359,22.84004247514239,4.237860797374264,1.9693020561830292,40.148662998358915,0.0,3.127715030408341,3.919297229462303,23.75711941307076
Fresh Meadows-Utopia,22453,29.368013183093574,5.696343473032557,0.0,49.86416069122166,0.0,0.9887320179931411,2.396116331893288,11.686634302765778
Freshkills Park (North),0,,,,,,,,
Freshkills Park (South),24,75.0,25.0,0.0,0.0,0.0,0.0,0.0,0.0
Glen Oaks-Floral Park-New Hyde Park,24998,35.686854948395876,4.224337947035763,0.7360588847107769,43.895511640931275,0.18001440115209216,2.740219217537403,2.660212817025362,9.876790143211457
Glendale,38555,52.74024121385035,1.4005965503825704,0.05706134094151213,3.625988847101543,0.0,0.14265335235378032,1.1152898456750098,40.91816884969524
Gramercy,55622,52.596095070295924,8.626083204487433,0.1456258315055194,13.807486246449246,0.0952860378986732,0.40811189816978893,1.9039229082017908,22.417388802991624
Grasmere-Arrochar-South Beach-Dongan Hills,83989,54.97624688947362,8.427294050411364,0.05238781268975699,13.045755991856076,0.0,0.27503601662122423,2.044315327007108,21.178963911940848
Gravesend (East)-Homecrest,107816,33.49966609779624,33.82800326482155,0.28845440379906506,9.532907917192253,0.15396601617570677,1.5674853454032796,3.09045039697262,18.03906655783928
Gravesend (South),38245,34.72349326709374,27.185252974245,0.07844162635638645,18.415479147600994,0.0,1.4224081579291412,2.5938031115178455,15.581121715256895
Gravesend (West),104807,25.089927199519117,30.388237426889425,0.11831270812064079,24.412491532054155,0.06965183623231272,0.6507198946635244,2.501741295905808,16.768918106615015
Great Kills Park,1926,6.28245067497404,11.734164070612668,0.0,40.13499480789201,0.0,23.00103842159917,8.618899273104882,10.228452751817239
Great Kills-Eltingville,65215,76.06072222648163,1.9704055815379897,0.33581231311814763,6.089089933297554,0.0,0.19934064249022462,0.7298934294257456,14.614735873648701
Green-Wood Cemetery,17334,44.03484481366101,20.1223029883466,0.0,4.413291796469367,0.0,0.7961232260297681,0.7384331371870312,29.895004038306215
Greenpoint,50984,59.848187666718964,2.1516554213086456,0.4275851247450181,10.766122705162404,0.0,0.6276478895339714,4.0561744861132905,22.1226267064177
Greenwich Village,69844,60.25571273122959,8.854017524769485,0.0,10.968730313269571,0.01861290876811179,0.33646412003894394,3.0668346600996506,16.49962774182464
Hamilton Heights-Sugar Hill,93142,20.343131992012196,25.68229155483026,0.018251701702776405,5.29191986429323,0.0,0.6345150415494621,2.4414335101243263,45.58845633548775
Harlem (North),185928,25.647562497310787,30.496213588055593,0.14952024439568004,11.573297190310228,0.0016135278172195687,1.31018458758229,2.6171421195301408,28.204466244998066
Harlem (South),100987,28.65517343816531,30.40886450731282,0.12773921395823226,11.542079673621357,0.02574588808460495,1.3090793864556824,2.341885589234258,25.589432303167737
Hart Island,3884,7.4150360453141095,65.42224510813594,0.0,2.600411946446962,0.0,1.132852729145211,1.6477857878475797,21.781668383110194
Hell's Kitchen,87326,45.72292329890296,10.206582232095824,0.2301719991755033,13.222866042186748,0.0,0.3046057302521586,3.640382016810572,26.672468680576234
Highbridge,95227,25.614584099047537,22.61858506516009,0.18482153170844404,8.402028836359436,0.014701712749535321,0.47360517500288785,2.1622018965209446,40.52947168345112
Highbridge Park,2991,17.719826145101973,69.5085255767302,0.0,2.0060180541624875,0.0,0.6352390504847877,2.908726178535607,7.221664994984955
Highland Park-Cypress Hills Cemeteries (North),3569,71.3925469319137,3.0540767722050997,0.7004763239002522,7.032782291958532,0.0,2.1014289717007566,4.483048472961614,11.235640235360044
Highland Park-Cypress Hills Cemeteries (South),0,,,,,,,,
Hoffman & Swinburne Islands,0,,,,,,,,
Hollis,43248,25.487883832778397,33.46281908990011,0.13411024787273398,19.3326859045505,0.0,3.32732149463559,3.0660377358490565,15.189141694413614
Holy Cross Cemetery,24,0.0,20.833333333333336,0.0,0.0,0.0,0.0,0.0,79.16666666666666
Howard Beach-Lindenwood,32379,58.24454121498503,13.598319898699774,0.0,4.345409061428704,0.0,0.43237901108743326,4.870440717749158,18.508910096049906
Hunts Point,20176,19.88005551149881,22.30868358445678,0.05947660586835844,2.7805313243457572,0.0,0.63441712926249,0.6145915939730373,53.72224425059476
Hutchinson Metro Center,8021,20.633337489091137,45.904500685700036,0.0,15.085400822840045,0.0,1.3090637077671112,2.8924074304949507,14.175289864106718
Inwood,82181,17.760796291113518,24.68453778853993,0.08152736033876444,9.758946715177474,0.0,0.36383105584015774,2.434869373699517,44.91549141529064
Inwood Hill Park,10385,39.56668271545498,34.58834857968223,0.0,6.653827636013481,0.20221473278767454,0.0,2.474723158401541,16.514203177660086
Jackson Heights,222912,23.042276772896926,12.220517513637668,0.1179837783519954,13.26532443296009,0.04486075222509331,0.4450186620729256,2.32692721791559,48.53709086993971
Jacob Riis Park-Fort Tilden-Breezy Point Tip,2180,1.5137614678899083,58.11926605504587,0.0,0.0,0.0,0.0,0.0,40.36697247706422
Jamaica,143915,24.35117951568634,23.12545599833235,0.2911440781016572,21.548830907132682,0.08963624361602335,2.2158913247402983,2.3882152659555986,25.98964666643505
Jamaica Bay (East),0,,,,,,,,
Jamaica Bay (West),0,,,,,,,,
Jamaica Estates-Holliswood,38596,39.18540781428127,22.551559747124053,0.41195978857912735,17.250492278992642,0.0,1.3161985697999792,1.9328427816354026,17.351539019587523
Jamaica Hills-Briarwood,93911,28.93484256370393,24.614794858962206,0.14694764191628243,18.73369466835621,0.0,1.7846684626934013,2.9464067042199527,22.83864510014801
John F. Kennedy International Airport,0,,,,,,,,
Kensington,46916,39.741239662375314,12.281524426634837,0.15772870662460567,25.799300878165234,0.0,1.7968283741154403,5.286043140932731,14.937334811151844
Kew Gardens,90009,59.255185592551854,5.3794620537946205,0.2110900021109,13.250897132508971,0.06554900065549,0.60549500605495,2.4442000244420004,18.788121187881213
Kew Gardens Hills,33919,50.1076093045196,6.875202688758512,0.4039034169639435,23.273091777469855,0.0,0.1709956071818155,3.013060526548542,16.15613667855774
Kingsbridge Heights-Van Cortlandt Village,94567,21.872323326318906,17.954466145695644,0.0,3.3563505239671345,0.10574513308024998,0.5001744794695824,2.5526875125572346,53.65825287891125
Kingsbridge-Marble Hill,86521,21.50460581824066,13.237248760416545,0.14216201846950452,8.209567619421874,0.0,0.5802059615584655,2.6525352226627064,53.673674599230246
Kissena Park,0,,,,,,,,
LaGuardia Airport,4168,52.66314779270633,43.11420345489444,0.0,0.0,0.0,0.0,0.527831094049904,3.694817658349328
Laurelton,53682,15.874967400618456,60.70749972057673,0.2496181215304944,5.7523937260161695,0.0,0.3595246078760106,1.6430088297753436,15.412987593606795
Lincoln Terrace Park,0,,,,,,,,
Long Island City-Hunters Point,25180,43.876092136616364,6.243050039714059,0.0,27.855440826052423,0.0,0.20651310563939632,5.107227958697378,16.711675933280382
Longwood,102403,32.244172534007795,17.17625460191596,0.08007577902991123,6.702928625137935,0.2773356249328633,0.4931496147573802,2.004824077419607,41.02125914279855
Lower East Side,50354,29.41772252452635,9.26043611232474,0.474639551972038,22.87603765341383,0.0,0.826150851968066,2.686976208444215,34.458037097350754
Madison,65831,40.1148395132992,18.226975133295863,0.10177575914083031,22.057996992298463,0.176208777019945,2.825416597043946,4.555604502438062,11.941182725463689
Manhattanville-West Harlem,28142,14.572525051524412,30.950181223793617,0.14924312415606567,4.86461516594414,0.0,0.1847772013360813,1.588373249946699,47.69028498329899
Mapleton-Midwood (West),88626,36.35389163450906,20.9735292126464,0.18053392909529933,19.688353304899238,0.01241170762530183,1.750050775167558,3.377112811138944,17.664116624918197
Marine Park-Mill Basin-Bergen Beach,55424,52.3347286374134,27.25173210161663,0.22192551963048499,8.34656466512702,0.0,0.6170612009237875,2.980658198614319,8.247329676674365
Marine Park-Plumb Island,0,,,,,,,,
Mariner's Harbor-Arlington-Graniteville,68934,20.12504714654597,27.87884063016799,0.10734905851974352,5.351495633504512,0.0,0.7572460614500827,2.601038674674326,43.17898279513738
Maspeth,84885,44.784119691347115,7.553749190080697,0.07303999528774224,9.797961948518584,0.0,0.4193909406844555,2.3690875890911234,35.00265064499028
McGuire Fields,0,,,,,,,,
Melrose,132463,46.588103847866954,11.813865003812385,0.218929059435465,6.493888859530586,0.07247306795105049,0.2604500879490877,2.8317341446290665,31.720555928825405
Middle Village,42227,60.4731569848675,2.2663224950860825,0.06157198001278802,12.274137400241552,0.0,1.6482345418807873,0.5801975039666565,22.696379093944632
Middle Village Cemetery,0,,,,,,,,
Midtown South-Flatiron-Union Square,90143,35.64558534772528,8.490953263148553,0.09207592380994642,15.81376257723839,0.0,0.9573677379275152,3.2015797122350045,35.798675437915314
Midtown-Times Square,96023,31.826749841183883,10.720348249898462,0.024994011851327286,18.66844401862054,0.06769211543067807,2.6087499869822857,2.9597075700613393,33.12331420597149
Midwood,62300,57.09309791332263,15.428571428571427,0.36918138041733545,12.451043338683789,0.0738362760834671,1.8892455858747996,3.112359550561798,9.58266452648475
Miller Field,233,8.15450643776824,51.931330472103,0.0,0.0,0.0,0.0,0.0,39.91416309012876
Montefiore Cemetery,0,,,,,,,,
Morningside Heights,66438,34.292121978385865,21.328155573617508,0.28447575182877266,10.227580601463018,0.022577440621331168,0.44552816159426833,2.7469219422619586,30.65263855022728
Morris Park,63230,45.84374505772576,2.2204649691602087,0.11545152617428436,26.18693658073699,0.01739680531393326,0.2577890241973747,2.0085402498813854,23.34967578681006
Morrisania,84435,34.56149700953396,19.39361639130692,0.27595191567477945,7.873512169124178,0.0,0.38609581334754545,2.671877775803873,34.83744892520874
Mott Haven-Port Morris,139142,28.397608198818475,19.733797128113725,0.03952796423797272,12.467119920656595,0.02874761035488925,0.5914820830518464,2.9186011412801314,35.823115953486365
Mount Eden-Claremont (West),78770,9.640726164783548,25.335787736447884,0.10663958359781642,1.848419449028818,0.0,0.8099530278024628,1.7798654310016502,60.47860860733781
Mount Hebron & Cedar Grove Cemeteries,0,,,,,,,,
Mount Hope,112304,10.456439663769768,28.80930331956119,0.050755093318136484,4.270551360592677,0.044522011682575864,0.5387163413591679,1.4496367003846702,54.38007550933182
Mount Olivet & All Faiths Cemeteries,14,100.0,0.0,0.0,0.0,0.0,0.0,0.0,0.0
Murray Hill-Broadway Flushing,54362,22.063205915897132,1.1662558404768038,0.10669217468084323,58.43052132003973,0.10301313417460728,0.4745962253044406,1.109230712630146,16.54648467679629
Murray Hill-Kips Bay,109023,44.01640020913018,7.931353934490887,0.05595149647322125,16.126872311347146,0.0,0.7227832659163663,2.4371004283499813,28.709538354292214
New Dorp-Midland Beach,62079,61.72618759967139,2.9091963465906345,0.08054253451247603,16.00057990624849,0.0853750865832246,0.3721065094476393,1.9910114531484076,16.835000563797742
New Springville-Willowbrook-Bulls Head-Travis,49734,54.07367193469257,2.555595769493707,0.1105883299151486,17.889170386455948,0.056299513411348374,0.07238508867173363,1.6145896167611695,23.627699360598385
North & South Brother Islands,0,,,,,,,,
North Corona,91917,3.2583744029940056,23.09692439918622,0.02937432683834329,4.870698565009738,0.044605459273039806,0.3296452234080747,1.064003394366657,67.30637422892391
Norwood,54604,13.636363636363635,13.130906160720826,0.0,8.468244084682441,0.0,0.39557541572046007,1.7434620174346203,62.62544868507801
Oakland Gardens-Hollis Hills,25556,36.63327594302708,3.5764595398340897,0.9469400532164657,40.19408358115511,0.0,0.07434653310377211,1.72953513851933,16.845359211144153
Oakwood-Richmondtown,45718,68.32538606238244,1.9817139857386585,0.36965746533094185,10.149175379500415,0.0,0.07436895752220132,3.2678594864167283,15.831838663108622
Ocean Hill,84569,7.402239591339615,43.50175596258676,0.09577977745982572,2.3010795918126026,0.06858305052678877,0.26960233655358345,1.1848313211696957,45.17612836855112
Old Astoria-Hallets Point,79531,43.248544592674556,11.95885880977229,0.13831084734254567,7.077743269919906,0.09807496447925966,0.22255472708755078,2.9824848172410756,34.27342797148282
Ozone Park,77290,42.27843187993272,8.734635787294605,0.023288911890283346,17.8988226161211,0.024582740328632426,1.7130288523741752,3.213869840859102,26.11333937119938
Ozone Park (North),104096,37.566284967722105,8.48927912695973,0.08645865355056871,21.655971411005225,0.01248847217952659,0.6532431601598524,2.6744543498309254,28.86181985859207
Park Slope,187375,52.60733822548366,10.940627084723149,0.1296864576384256,9.456971314209472,0.02828552368245497,0.5448965977318212,3.1146097398265513,23.17758505670447
Parkchester,50402,13.959763501448355,31.429308360779334,0.6110868616324749,20.203563350660687,0.0,1.5356533470894012,1.458275465259315,30.802349113130433
Pelham Bay Park,7085,15.723359209597742,38.53211009174312,0.3669724770642202,19.91531404375441,0.0,1.8489767113620326,3.5991531404375445,20.014114326040932
Pelham Bay-Country Club-City Island,36670,38.48650122716117,12.87428415598582,0.04090537223888738,8.775565857649305,0.0,0.7826561221707117,2.0779929097354786,36.96209435505863
Pelham Gardens,42237,23.74695172479106,28.233539313871724,0.06155740227762388,11.032980562066435,0.0,0.5587518052892014,2.6398655207519472,33.72635367095201
Pelham Parkway-Van Nest,113641,30.0938921691995,25.11769519803592,0.14959389656902,10.322858827359843,0.02815885111887435,1.121074260170185,2.074075377724589,31.09265141982207
Pomonok-Electchester-Hillcrest,35282,26.0359390057253,12.218695085312623,0.019840145116489995,31.40411541295845,0.05952043534946999,0.1898985318292614,3.673261152995862,26.398730230712548
Port Richmond,46810,19.16470839564196,29.01944029053621,0.260628070925016,7.981200598162785,0.0,0.6643879512924589,2.108523819696646,40.801110873744925
Prospect Heights,61618,50.822811516115415,16.404297445551624,0.12171767989873089,8.635463663215294,0.008114511993248726,0.20286279983121816,3.6109578369956834,20.193774546398778
Prospect Lefferts Gardens-Wingate,53515,22.083527982808558,53.80173783051481,0.09716901803232739,5.985237783798935,0.0,0.4017565168644305,2.9954218443427076,14.635149023638233
Prospect Park,9437,67.03401504715481,4.8214474939069625,0.0,3.4756808307724913,0.0,0.24372152167002223,2.818692381053301,21.606442725442406
Queens Village,109661,31.445089867865512,26.315645489280605,0.1577589115547004,17.545891429040406,0.06292118437730825,3.671314323232507,4.739150655201028,16.062228139447935
Queensboro Hill,20196,12.145969498910675,1.6785502079619727,0.0,67.73123390770449,0.0,0.7328183798772034,0.8367993662111309,16.87462863933452
Queensbridge-Ravenswood-Dutch Kills,111077,30.231281003268002,18.228796240445817,0.0459140956273576,11.873745239788615,0.2646812571459438,0.7652349271226266,3.2130864175301816,35.37726081907145
Randall's Island,17909,32.37478362834329,14.1158076944553,0.11725947847451001,10.480763861745492,0.027918923446311913,1.4182813110726449,0.993913674688704,40.47127142777375
Rego Park,27743,39.38290740006488,3.582885772987781,0.0,37.69599538622355,0.0,0.6668348772663374,2.2528205313051943,16.418556032152253
Richmond Hill,114204,38.05470911701867,8.299183916500299,0.5709081993625442,15.92238450492102,0.0788063465377745,1.0708906868410912,3.0769500192637738,32.926167209554826
Ridgewood,112633,49.449095735708006,2.7052462422203085,0.008878392655793595,6.515852370086919,0.0,0.3169586178118313,2.3021672156472794,38.70180142586986
Rikers Island,11139,33.62958972977826,35.0210970464135,0.5925127928898465,4.973516473651136,0.0,0.0,2.1545919741448962,23.628691983122362
Riverdale-Spuyten Duyvil,108627,36.56181244073757,24.04834893718873,0.034061513251769815,5.425907002863008,0.019332210223977464,0.7208152669225882,2.7230798972631116,30.46664273154925
Rockaway Beach-Arverne-Edgemere,48121,15.126452068743376,50.72837222834106,0.48627418382826626,4.391014318073191,0.0,2.5020261424326176,2.495791858024563,24.27006920055693
Rockaway Community Park,0,,,,,,,,
Rosebank-Shore Acres-Park Hill,69331,23.126739842206227,12.971109604650158,0.19616044770737479,32.04627078795921,0.023077699730279386,1.0716706812248489,1.8519854033549208,28.71298553316698
Rosedale,32392,16.23857742652507,66.6090392689553,0.12040009878982465,5.090763151395406,0.0,0.7069646826376883,2.2937762410471723,8.940479130649544
Sheepshead Bay-Manhattan Beach-Gerritsen Beach,84373,47.634906901496926,26.836784279331066,0.2500800018963413,14.699015087765044,0.0,0.3899351688336316,2.2803503490453108,7.908928211631682
Shirley Chisholm State Park,0,,,,,,,,
Snug Harbor,0,,,,,,,,
SoHo-Little Italy-Hudson Square,62910,47.44396757272294,12.053727547289778,0.022254013670322682,14.533460499125736,0.04927674455571452,0.5436337625178826,3.1759656652360517,22.177714194881577
Soundview Park,6466,5.552118775131457,9.526755335601608,0.01546551190844417,15.511908444169503,0.09279307145066501,0.9124652025982061,3.9437055366532627,64.44478812248686
Soundview-Bruckner-Bronx River,182137,33.75151671543948,14.600547939188631,0.1965553402109401,12.189176279394083,0.05325661452642791,0.9207354903177278,2.4382744856893437,35.84993713523337
Soundview-Clason Point,83420,20.88228242627667,16.23231838887557,0.2301606329417406,17.24886118436826,0.0,0.24934068568688564,1.8796451690242146,43.27739151282666
South Jamaica,111368,21.414589469147334,29.9915595144027,0.21729760793046476,19.899791681632067,0.00628546799798865,3.108612887005244,2.3256231592558003,23.036240212628403
South Ozone Park,217697,19.388875363463896,18.901960063758345,0.41066252635543904,24.79087906585759,0.09462693560315484,4.888905221477558,3.571937141990932,27.952153681493087
South Richmond Hill,69581,38.376855750851526,5.648093588767048,0.17389804688061394,26.732872479556203,0.04455239217602506,5.715640764001667,2.4489443957402166,20.859142582026703
South Williamsburg,53056,80.77503015681545,2.757463811821472,0.0,2.5256332931242462,0.0,0.21109770808202655,0.6144451145958987,13.116329915560918
Spring Creek Park,0,,,,,,,,
Spring Creek-Starrett City,15074,16.56494626509221,58.19954889213215,0.24545575162531508,3.0582459864667637,0.0,0.9088496749369777,2.12286055459732,18.900092875149262
Springfield Gardens (North)-Rochdale Village,42829,10.271078007891848,69.17976137663733,0.03268813187326344,3.2991664526372317,0.0,1.2841766093067781,2.526325620490789,13.406803801162765
Springfield Gardens (South)-Brookville,27945,6.2372517444981215,74.27088924673467,0.146716765074253,4.734299516908213,0.26480586867060296,1.0341742708892467,3.1347289318303813,10.177133655394526
St. Albans,135450,17.84643779992617,50.391288298265046,0.48726467331118495,13.071982281284608,0.08416389811738649,1.1081579918789222,3.0011074197120706,14.009597637504614
St. George-New Brighton,61356,56.72305886954822,10.791120672794836,0.14016559097724754,9.107503748614644,0.030966816611252362,0.07986179020796662,4.273420692352826,18.853901818893018
St. John Cemetery,0,,,,,,,,
St. Michael's Cemetery,5804,6.392143349414198,36.64713990351482,0.10337698139214334,1.3783597518952446,0.0,0.34458993797381116,2.8600964851826327,52.27429359062715
Stuyvesant Town-Peter Cooper Village,33706,58.019343737020115,8.031211060345338,0.0,11.5231709487925,0.0,0.4301904705393699,2.655313594018869,19.340770189283806
Sunnyside,159771,32.25491484687459,14.04259846905884,0.08762541387360659,11.084614855011235,0.0,0.27101288719479755,2.2137934919353324,40.0454400360516
Sunnyside Yards (North),22,0.0,86.36363636363636,0.0,0.0,0.0,0.0,13.636363636363635,0.0
Sunnyside Yards (South),0,,,,,,,,
Sunset Park (Central),128174,33.224366876277564,5.016618034858864,0.02652644061978248,29.392076396148987,0.008582083729929626,2.9374132039259133,2.1736077519621766,27.220809212476787
Sunset Park (East)-Borough Park (West),58265,38.24422895391745,2.550416201836437,0.10297777396378616,34.662318716210414,0.0,1.3215480992019222,2.109328070024886,21.009182184845105
Sunset Park (West),163106,31.92831655487842,9.827964636494059,0.05824433190685812,14.736429070665702,0.009809571689576104,0.6327173739776587,2.597697203045872,40.20882125734185
The Battery-Governors Island-Ellis Island-Liberty Island,14127,36.74523961209032,36.844340624336375,0.46719048630282434,4.155163870602393,0.0,0.0,1.9112338076024633,19.87683159906562
The Evergreens Cemetery,0,,,,,,,,
Throgs Neck-Schuylerville,185548,35.55306443615668,11.636881022700326,0.24629745402806819,15.796451592040874,0.04796602496389074,2.2085929247418457,2.1476922413607262,32.36305430400759
Todt Hill-Emerson Hill-Lighthouse Hill-Manor Heights,101904,38.975898885225305,12.414625529910504,0.16289841419375098,9.891662741403675,0.0,0.4023394567436018,2.708431464908149,35.44414350761501
Tompkinsville-Stapleton-Clifton-Fox Hills,36432,40.662055335968375,17.46815985946421,0.12626262626262627,14.056324110671936,0.03568291611769873,0.6642512077294686,3.1812692138779095,23.805994729907773
Tottenville-Charleston,22945,75.99912835040314,1.0852037480932666,0.1220309435606886,8.585748529091305,0.0,0.2702113750272391,0.8847243408149923,13.052952713009368
Tremont,55682,6.598182536546819,40.3972558456952,0.07902015013828526,2.1874214288279874,0.01077547501885708,0.2514277504399986,1.3469343773571352,49.12898243597572
Tribeca-Civic Center,65666,43.90856759967106,16.72098193890293,0.1903572625102793,9.918374805835592,0.0,0.8223433740444066,3.8360795541071484,24.60329546492858
United Nations,0,,,,,,,,
University Heights (North)-Fordham,153504,11.715004169272463,14.526657285803626,0.2188868042526579,7.60371065249114,0.01172607879924953,0.7035647279549718,1.824708150927663,63.39574213049822
University Heights (South)-Morris Heights,113752,17.404529151135804,21.794781630213095,0.04659258738307898,9.855650889654688,0.014065686757155919,0.6558126450523947,1.414480624516492,48.814086785287294
Upper East Side-Carnegie Hill,98535,61.4989597604912,2.9573248084437003,0.0243568275232151,15.23012127670371,0.0030446034404018876,1.3051200081189425,2.805094636423606,16.17597807885523
Upper East Side-Lenox Hill-Roosevelt Island,132580,55.83798461306381,3.451500980540051,0.5046009956252828,20.18403982501131,0.10710514406396138,0.9571579423744154,2.088550309247247,16.869060190073917
Upper East Side-Yorkville,110172,67.52260102385361,3.795882801437752,0.15339650727952656,10.226736375848674,0.0,0.8395962676542135,2.504266056711324,14.957520967214899
Upper West Side (Central),182179,59.29607693532185,9.733833207998726,0.061477996915121944,7.621075974728152,0.0,0.30848780594909403,2.9690579045883445,20.009990174498707
Upper West Side-Lincoln Square,113299,56.508883573553156,9.210143072754393,0.054722460039364866,10.400797888772187,0.0,0.9991262058800165,2.8693986707737933,19.95692812822708
Upper West Side-Manhattan Valley,92749,34.43810714940323,17.74250935320057,0.10889605278763113,10.26641796677053,0.005390893702357976,0.6285782056949402,2.1261684762099864,34.68393190223075
Van Cortlandt Park,0,,,,,,,,
Wakefield-Woodlawn,101070,28.01919461759177,35.550608489165924,0.4234688829524092,13.20965667359256,0.007915306223409517,2.4131789848619767,3.838923518353617,16.537053527258337
Washington Heights (North),210909,22.05975088782366,16.115006946123682,0.07965520674793394,6.244399243275535,0.04741381354043687,0.45896571507142886,2.6276735464110113,52.36713464100631
Washington Heights (South),202901,16.287253389584084,16.186218894929056,0.16904795934963357,9.900887624999385,0.033513881153863216,0.6451422122118669,1.811228135888931,54.96670790188318
West Farms,56372,22.241538352373517,32.48421202015185,0.028382885120272476,4.404668984602285,0.10288795856098773,0.5304051656850919,1.8324700205775917,38.3754346129284
West New Brighton-Silver Lake-Grymes Hill,127345,45.64450901095449,13.197220149986258,0.010993757116494562,7.170285445050846,0.0,0.29840197887628095,3.3530959205308415,30.325493737484788
West Village,115111,44.94010129353407,12.083988498058396,0.25193074510689684,6.549330646072052,0.07384177011753873,0.2614867388868136,3.0153504009173755,32.82396990730686
Westchester Square,38086,16.16079399254319,14.039279525284881,0.11027674210996168,25.39515832589403,0.06826655463950008,4.437326051567505,2.4339652365698683,37.354933571391065
Westerleigh-Castleton Corners,87558,42.99550012563101,13.23351378514813,0.0,9.767240000913679,0.0,0.357477329313141,2.0272276662326685,31.619041092761368
Whitestone-Beechhurst,28353,59.58452368356082,0.3103728000564314,0.0,23.941029167989278,0.02468874545903432,0.5925298910168236,0.941699291080309,14.6051564208373
Williamsbridge-Olinville,114951,16.92895233621282,48.22924550460631,0.4749849936059713,9.212621029830101,0.15658845943053995,0.7185670416090334,2.0156414472253394,22.263399187479884
Williamsburg,94307,47.32840616285112,2.397489051714083,0.010603666747961446,9.308959038035352,0.03393173359347662,0.3117478023900665,3.0877877570063728,37.521074787661576
Windsor Terrace-South Slope,51440,66.12169517884915,5.223561430793157,0.0,9.758942457231726,0.0,0.57348367029549,3.339813374805599,14.982503888024883
Woodhaven,114909,16.999538765457885,7.339720996614712,0.4629750498220331,31.157698700710995,0.0,0.8659025837836898,1.6108398819935774,41.563324021617106
Woodlawn Cemetery,0,,,,,,,,
Woodside,197137,16.635131913339453,17.036375718409026,0.13949689809624777,13.109157590913934,0.009130706057208946,0.49711621867026484,1.5963517756686973,50.97723917884517
Yankee Stadium-Macombs Dam Park,0,,,,,,,,
